SOLUCION DE PROFUNDIDAD MINIMA CON EL ID 12daf6
el nodo aux[469][12872.73,[(755,[817,915,1105,1202])|12daf6],444,753->755,32,80.57,80.57]
el nodo aux[473][12888.82,[(755,[817,915,1105,1202])|12daf6],445,754->755,32,80.57,80.57]
el nodo [469][12872.73,[(755,[817,915,1105,1202])|12daf6],444,753->755,32,80.57,80.57]
el nodo aux[689][13129.44,[(755,[817,915,1105,1202])|12daf6],623,765->755,38,80.57,80.57]
solucion
[0][0.00,[(1163,[242,817,915,1105,1202])|6ad80b],None,None,0,100.71,100.71]
[3][1043.73,[(1164,[242,817,915,1105,1202])|bdda2f],0,1163->1164,1,100.71,100.71]
[11][1663.00,[(1165,[242,817,915,1105,1202])|dccedf],3,1164->1165,2,100.71,100.71]
[23][2056.15,[(1161,[242,817,915,1105,1202])|0cc968],11,1165->1161,3,100.71,100.71]
[40][2834.58,[(1162,[242,817,915,1105,1202])|5b7a68],23,1161->1162,4,100.71,100.71]
[62][3348.97,[(281,[242,817,915,1105,1202])|f8a0c9],40,1162->281,5,100.71,100.71]
[79][3464.21,[(279,[242,817,915,1105,1202])|011334],62,281->279,6,100.71,100.71]
[92][3491.91,[(280,[242,817,915,1105,1202])|ae2188],79,279->280,7,100.71,100.71]
[105][4093.59,[(1126,[242,817,915,1105,1202])|3ea635],92,280->1126,8,100.71,100.71]
[112][4186.24,[(1129,[242,817,915,1105,1202])|1b5eba],105,1126->1129,9,100.71,100.71]
[116][4663.62,[(1132,[242,817,915,1105,1202])|b4c92b],112,1129->1132,10,100.71,100.71]
[117][5059.86,[(1079,[242,817,915,1105,1202])|0fcce3],116,1132->1079,11,100.71,100.71]
[120][7298.77,[(1078,[242,817,915,1105,1202])|8f458f],117,1079->1078,12,100.71,100.71]
[125][8639.76,[(1081,[242,817,915,1105,1202])|74323e],120,1078->1081,13,100.71,100.71]
[131][8944.74,[(1288,[242,817,915,1105,1202])|e509e9],125,1081->1288,14,100.71,100.71]
[141][9847.82,[(1285,[242,817,915,1105,1202])|769cff],131,1288->1285,15,100.71,100.71]
[153][10134.47,[(1287,[242,817,915,1105,1202])|edbb64],141,1285->1287,16,100.71,100.71]
[171][10760.98,[(73,[242,817,915,1105,1202])|7d61d0],153,1287->73,17,100.71,100.71]
[189][11058.73,[(71,[242,817,915,1105,1202])|ae85ca],171,73->71,18,100.71,100.71]
[204][11127.55,[(72,[242,817,915,1105,1202])|4da4b0],189,71->72,19,100.71,100.71]
[223][11517.03,[(78,[242,817,915,1105,1202])|37a426],204,72->78,20,100.71,100.71]
[238][11545.66,[(79,[242,817,915,1105,1202])|71dc21],223,78->79,21,100.71,100.71]
[255][11625.22,[(81,[242,817,915,1105,1202])|e850ca],238,79->81,22,100.71,100.71]
[274][11646.62,[(765,[242,817,915,1105,1202])|f0a00e],255,81->765,23,100.71,100.71]
[296][11716.25,[(755,[242,817,915,1105,1202])|bf314e],274,765->755,24,100.71,100.71]
[316][11905.59,[(753,[242,817,915,1105,1202])|7d3878],296,755->753,25,100.71,100.71]
[335][12062.64,[(752,[242,817,915,1105,1202])|25c9ce],316,753->752,26,100.71,100.71]
[364][12214.54,[(734,[242,817,915,1105,1202])|eee654],335,752->734,27,100.71,100.71]
[407][12294.49,[(242,[817,915,1105,1202])|40ef5c],364,734->242,28,80.57,80.57]
[410][12488.72,[(241,[817,915,1105,1202])|898d5b],407,242->241,29,80.57,80.57]
[415][12533.67,[(243,[817,915,1105,1202])|843a61],410,241->243,30,80.57,80.57]
[426][12570.96,[(703,[817,915,1105,1202])|45352a],415,243->703,31,80.57,80.57]
[448][12611.43,[(707,[817,915,1105,1202])|785aba],426,703->707,32,80.57,80.57]
[480][12924.38,[(712,[817,915,1105,1202])|88ba8f],448,707->712,33,80.57,80.57]
[507][13131.95,[(705,[817,915,1105,1202])|9a742c],480,712->705,34,80.57,80.57]
[536][13345.39,[(244,[817,915,1105,1202])|9caea2],507,705->244,35,80.57,80.57]
[574][13408.74,[(245,[817,915,1105,1202])|2fb415],536,244->245,36,80.57,80.57]
[628][13448.78,[(836,[817,915,1105,1202])|ef1f17],574,245->836,37,80.57,80.57]
[694][13491.22,[(835,[817,915,1105,1202])|885018],628,836->835,38,80.57,80.57]
[779][13557.74,[(820,[817,915,1105,1202])|6072d0],694,835->820,39,80.57,80.57]
[883][13623.90,[(817,[915,1105,1202])|3bfc2c],779,820->817,40,60.43,60.43]
[886][13687.41,[(819,[915,1105,1202])|73c821],883,817->819,41,60.43,60.43]
[891][13758.88,[(832,[915,1105,1202])|e274bf],886,819->832,42,60.43,60.43]
[899][13870.19,[(247,[915,1105,1202])|75da8f],891,832->247,43,60.43,60.43]
[914][13901.38,[(879,[915,1105,1202])|3c81a6],899,247->879,44,60.43,60.43]
[933][13993.83,[(906,[915,1105,1202])|f68a96],914,879->906,45,60.43,60.43]
[961][14102.93,[(907,[915,1105,1202])|e6ebf5],933,906->907,46,60.43,60.43]
[1002][14198.48,[(895,[915,1105,1202])|e6e372],961,907->895,47,60.43,60.43]
[1063][14332.02,[(889,[915,1105,1202])|cafc7b],1002,895->889,48,60.43,60.43]
[1150][14427.15,[(915,[1105,1202])|097cf4],1063,889->915,49,40.29,40.29]
[1153][14522.27,[(889,[1105,1202])|7b70bc],1150,915->889,50,40.29,40.29]
[1158][14631.14,[(913,[1105,1202])|b88a90],1153,889->913,51,40.29,40.29]
[1174][14703.67,[(912,[1105,1202])|228cdd],1158,913->912,52,40.29,40.29]
[1200][14746.30,[(872,[1105,1202])|e6f5df],1174,912->872,53,40.29,40.29]
[1231][14879.11,[(918,[1105,1202])|995692],1200,872->918,54,40.29,40.29]
[1266][14910.46,[(850,[1105,1202])|71a316],1231,918->850,55,40.29,40.29]
[1303][14980.80,[(853,[1105,1202])|973991],1266,850->853,56,40.29,40.29]
[1347][15032.86,[(854,[1105,1202])|686929],1303,853->854,57,40.29,40.29]
[1393][15064.26,[(856,[1105,1202])|28040e],1347,854->856,58,40.29,40.29]
[1444][15127.08,[(857,[1105,1202])|5a69d4],1393,856->857,59,40.29,40.29]
[1506][15728.45,[(864,[1105,1202])|ac5695],1444,857->864,60,40.29,40.29]
[1591][15796.80,[(1087,[1105,1202])|22e137],1506,864->1087,61,40.29,40.29]
[1702][15916.64,[(1095,[1105,1202])|915438],1591,1087->1095,62,40.29,40.29]
[1826][15971.53,[(1096,[1105,1202])|b0b24b],1702,1095->1096,63,40.29,40.29]
[1957][16055.48,[(1103,[1105,1202])|5fa1bc],1826,1096->1103,64,40.29,40.29]
[2093][16126.03,[(1105,[1202])|dd95b5],1957,1103->1105,65,20.14,20.14]
[2094][16196.57,[(1103,[1202])|5cc558],2093,1105->1103,66,20.14,20.14]
[2095][16280.53,[(1096,[1202])|cc8d2b],2094,1103->1096,67,20.14,20.14]
[2098][16335.42,[(1095,[1202])|a28fe7],2095,1096->1095,68,20.14,20.14]
[2104][16455.26,[(1087,[1202])|265b1e],2098,1095->1087,69,20.14,20.14]
[2117][16523.61,[(864,[1202])|132e0e],2104,1087->864,70,20.14,20.14]
[2134][17124.98,[(857,[1202])|90b4a0],2117,864->857,71,20.14,20.14]
[2148][17187.79,[(856,[1202])|9efd7f],2134,857->856,72,20.14,20.14]
[2158][17219.20,[(854,[1202])|8e30a3],2148,856->854,73,20.14,20.14]
[2173][17296.24,[(850,[1202])|1042a9],2158,854->850,74,20.14,20.14]
[2190][17415.57,[(852,[1202])|600500],2173,850->852,75,20.14,20.14]
[2212][17579.52,[(855,[1202])|f5d96f],2190,852->855,76,20.14,20.14]
[2236][17931.61,[(931,[1202])|a1ba5a],2212,855->931,77,20.14,20.14]
[2255][18019.38,[(971,[1202])|0caa1d],2236,931->971,78,20.14,20.14]
[2283][18049.33,[(972,[1202])|3e5e04],2255,971->972,79,20.14,20.14]
[2324][18131.91,[(979,[1202])|f7f3d7],2283,972->979,80,20.14,20.14]
[2386][18275.81,[(980,[1202])|d686ae],2324,979->980,81,20.14,20.14]
[2472][18347.45,[(987,[1202])|8832f6],2386,980->987,82,20.14,20.14]
[2582][18462.64,[(989,[1202])|d1cb21],2472,987->989,83,20.14,20.14]
[2712][18578.85,[(356,[1202])|13a04b],2582,989->356,84,20.14,20.14]
[2816][18762.89,[(995,[1202])|6bc704],2712,356->995,85,20.14,20.14]
[2911][18810.12,[(997,[1202])|13e21c],2816,995->997,86,20.14,20.14]
[3017][19010.62,[(998,[1202])|e19e47],2911,997->998,87,20.14,20.14]
[3151][19166.57,[(999,[1202])|420e4d],3017,998->999,88,20.14,20.14]
[3274][19376.95,[(1032,[1202])|924de1],3151,999->1032,89,20.14,20.14]
[3404][19435.47,[(1202,[])|f5a66c],3274,1032->1202,90,0.00,0.00]

Para llegar a la solucion de la primera pregunta se han probado 
todos los IDS dados [8fd649, 0f465c, 2dfdd7, 12daf6] para saber cual seria el de
profundidad minima.